0.000000000000000000e+00,1.085000000000000000e+03,7.480000000000000000e+02,4.340000000000000000e+02,5.450000000000000000e+02,9.470000000000000000e+02,6.000000000000000000e+02,2.430000000000000000e+02,4.650000000000000000e+02
1.085000000000000000e+03,0.000000000000000000e+00,4.000000000000000000e+02,7.380000000000000000e+02,6.380000000000000000e+02,1.390000000000000000e+02,5.360000000000000000e+02,8.480000000000000000e+02,6.200000000000000000e+02
7.480000000000000000e+02,4.000000000000000000e+02,0.000000000000000000e+00,3.500000000000000000e+02,4.750000000000000000e+02,2.910000000000000000e+02,1.510000000000000000e+02,5.060000000000000000e+02,3.170000000000000000e+02
4.340000000000000000e+02,7.380000000000000000e+02,3.500000000000000000e+02,0.000000000000000000e+00,4.620000000000000000e+02,6.110000000000000000e+02,2.030000000000000000e+02,2.180000000000000000e+02,2.300000000000000000e+02
5.450000000000000000e+02,6.380000000000000000e+02,4.750000000000000000e+02,4.620000000000000000e+02,0.000000000000000000e+00,5.060000000000000000e+02,4.120000000000000000e+02,3.780000000000000000e+02,2.360000000000000000e+02
9.470000000000000000e+02,1.390000000000000000e+02,2.910000000000000000e+02,6.110000000000000000e+02,5.060000000000000000e+02,0.000000000000000000e+00,4.120000000000000000e+02,7.110000000000000000e+02,4.820000000000000000e+02
6.000000000000000000e+02,5.360000000000000000e+02,1.510000000000000000e+02,2.030000000000000000e+02,4.120000000000000000e+02,4.120000000000000000e+02,0.000000000000000000e+00,3.590000000000000000e+02,2.020000000000000000e+02
2.430000000000000000e+02,8.480000000000000000e+02,5.060000000000000000e+02,2.180000000000000000e+02,3.780000000000000000e+02,7.110000000000000000e+02,3.590000000000000000e+02,0.000000000000000000e+00,2.310000000000000000e+02
4.650000000000000000e+02,6.200000000000000000e+02,3.170000000000000000e+02,2.300000000000000000e+02,2.360000000000000000e+02,4.820000000000000000e+02,2.020000000000000000e+02,2.310000000000000000e+02,0.000000000000000000e+00
