0.000000000000000000e+00,5.660000000000000000e+02,3.830000000000000000e+02,8.150000000000000000e+02,6.050000000000000000e+02,8.290000000000000000e+02,1.073000000000000000e+03,8.700000000000000000e+02,1.276000000000000000e+03
5.660000000000000000e+02,0.000000000000000000e+00,5.880000000000000000e+02,2.800000000000000000e+02,8.200000000000000000e+02,2.800000000000000000e+02,5.890000000000000000e+02,5.540000000000000000e+02,8.650000000000000000e+02
3.830000000000000000e+02,5.880000000000000000e+02,0.000000000000000000e+00,7.250000000000000000e+02,2.560000000000000000e+02,8.620000000000000000e+02,8.870000000000000000e+02,1.075000000000000000e+03,1.013000000000000000e+03
8.150000000000000000e+02,2.800000000000000000e+02,7.250000000000000000e+02,0.000000000000000000e+00,9.080000000000000000e+02,2.710000000000000000e+02,3.180000000000000000e+02,7.050000000000000000e+02,6.150000000000000000e+02
6.050000000000000000e+02,8.200000000000000000e+02,2.560000000000000000e+02,9.080000000000000000e+02,0.000000000000000000e+00,1.084000000000000000e+03,1.001000000000000000e+03,1.327000000000000000e+03,1.053000000000000000e+03
8.290000000000000000e+02,2.800000000000000000e+02,8.620000000000000000e+02,2.710000000000000000e+02,1.084000000000000000e+03,0.000000000000000000e+00,5.510000000000000000e+02,4.470000000000000000e+02,8.610000000000000000e+02
1.073000000000000000e+03,5.890000000000000000e+02,8.870000000000000000e+02,3.180000000000000000e+02,1.001000000000000000e+03,5.510000000000000000e+02,0.000000000000000000e+00,9.980000000000000000e+02,3.120000000000000000e+02
8.700000000000000000e+02,5.540000000000000000e+02,1.075000000000000000e+03,7.050000000000000000e+02,1.327000000000000000e+03,4.470000000000000000e+02,9.980000000000000000e+02,0.000000000000000000e+00,1.308000000000000000e+03
1.276000000000000000e+03,8.650000000000000000e+02,1.013000000000000000e+03,6.150000000000000000e+02,1.053000000000000000e+03,8.610000000000000000e+02,3.120000000000000000e+02,1.308000000000000000e+03,0.000000000000000000e+00
