0.000000000000000000e+00,9.320000000000000000e+02,1.463000000000000000e+03,5.850000000000000000e+02,7.690000000000000000e+02,1.142000000000000000e+03,2.220000000000000000e+02,1.328000000000000000e+03,7.460000000000000000e+02
9.320000000000000000e+02,0.000000000000000000e+00,6.190000000000000000e+02,3.480000000000000000e+02,7.050000000000000000e+02,2.490000000000000000e+02,8.180000000000000000e+02,8.890000000000000000e+02,9.760000000000000000e+02
1.463000000000000000e+03,6.190000000000000000e+02,0.000000000000000000e+00,9.110000000000000000e+02,9.100000000000000000e+02,6.060000000000000000e+02,1.294000000000000000e+03,6.490000000000000000e+02,1.196000000000000000e+03
5.850000000000000000e+02,3.480000000000000000e+02,9.110000000000000000e+02,0.000000000000000000e+00,5.660000000000000000e+02,5.700000000000000000e+02,4.810000000000000000e+02,9.680000000000000000e+02,7.680000000000000000e+02
7.690000000000000000e+02,7.050000000000000000e+02,9.100000000000000000e+02,5.660000000000000000e+02,0.000000000000000000e+00,9.450000000000000000e+02,5.480000000000000000e+02,5.690000000000000000e+02,2.940000000000000000e+02
1.142000000000000000e+03,2.490000000000000000e+02,6.060000000000000000e+02,5.700000000000000000e+02,9.450000000000000000e+02,0.000000000000000000e+00,1.050000000000000000e+03,1.043000000000000000e+03,1.221000000000000000e+03
2.220000000000000000e+02,8.180000000000000000e+02,1.294000000000000000e+03,4.810000000000000000e+02,5.480000000000000000e+02,1.050000000000000000e+03,0.000000000000000000e+00,1.111000000000000000e+03,5.380000000000000000e+02
1.328000000000000000e+03,8.890000000000000000e+02,6.490000000000000000e+02,9.680000000000000000e+02,5.690000000000000000e+02,1.043000000000000000e+03,1.111000000000000000e+03,0.000000000000000000e+00,7.580000000000000000e+02
7.460000000000000000e+02,9.760000000000000000e+02,1.196000000000000000e+03,7.680000000000000000e+02,2.940000000000000000e+02,1.221000000000000000e+03,5.380000000000000000e+02,7.580000000000000000e+02,0.000000000000000000e+00
