0.000000000000000000e+00,2.386000000000000000e+03,2.539000000000000000e+03,1.435000000000000000e+03,9.670000000000000000e+02,3.400000000000000000e+02,1.047000000000000000e+03,1.187000000000000000e+03,2.309000000000000000e+03
2.386000000000000000e+03,0.000000000000000000e+00,1.940000000000000000e+02,1.651000000000000000e+03,1.537000000000000000e+03,2.156000000000000000e+03,1.726000000000000000e+03,2.522000000000000000e+03,7.900000000000000000e+02
2.539000000000000000e+03,1.940000000000000000e+02,0.000000000000000000e+00,1.845000000000000000e+03,1.714000000000000000e+03,2.296000000000000000e+03,1.913000000000000000e+03,2.604000000000000000e+03,9.550000000000000000e+02
1.435000000000000000e+03,1.651000000000000000e+03,1.845000000000000000e+03,0.000000000000000000e+00,6.260000000000000000e+02,1.459000000000000000e+03,3.920000000000000000e+02,2.332000000000000000e+03,1.146000000000000000e+03
9.670000000000000000e+02,1.537000000000000000e+03,1.714000000000000000e+03,6.260000000000000000e+02,0.000000000000000000e+00,8.900000000000000000e+02,3.230000000000000000e+02,1.714000000000000000e+03,1.345000000000000000e+03
3.400000000000000000e+02,2.156000000000000000e+03,2.296000000000000000e+03,1.459000000000000000e+03,8.900000000000000000e+02,0.000000000000000000e+00,1.070000000000000000e+03,9.430000000000000000e+02,2.180000000000000000e+03
1.047000000000000000e+03,1.726000000000000000e+03,1.913000000000000000e+03,3.920000000000000000e+02,3.230000000000000000e+02,1.070000000000000000e+03,0.000000000000000000e+00,1.962000000000000000e+03,1.384000000000000000e+03
1.187000000000000000e+03,2.522000000000000000e+03,2.604000000000000000e+03,2.332000000000000000e+03,1.714000000000000000e+03,9.430000000000000000e+02,1.962000000000000000e+03,0.000000000000000000e+00,2.804000000000000000e+03
2.309000000000000000e+03,7.900000000000000000e+02,9.550000000000000000e+02,1.146000000000000000e+03,1.345000000000000000e+03,2.180000000000000000e+03,1.384000000000000000e+03,2.804000000000000000e+03,0.000000000000000000e+00
