0.000000000000000000e+00,2.710000000000000000e+02,4.000000000000000000e+02,1.721000000000000000e+03,2.447000000000000000e+03,2.184000000000000000e+03,1.496000000000000000e+03,2.484000000000000000e+03,2.624000000000000000e+03
2.710000000000000000e+02,0.000000000000000000e+00,4.310000000000000000e+02,1.467000000000000000e+03,2.452000000000000000e+03,2.191000000000000000e+03,1.343000000000000000e+03,2.408000000000000000e+03,2.418000000000000000e+03
4.000000000000000000e+02,4.310000000000000000e+02,0.000000000000000000e+00,1.552000000000000000e+03,2.055000000000000000e+03,1.792000000000000000e+03,1.149000000000000000e+03,2.086000000000000000e+03,2.326000000000000000e+03
1.721000000000000000e+03,1.467000000000000000e+03,1.552000000000000000e+03,0.000000000000000000e+00,2.445000000000000000e+03,2.259000000000000000e+03,9.360000000000000000e+02,1.975000000000000000e+03,1.166000000000000000e+03
2.447000000000000000e+03,2.452000000000000000e+03,2.055000000000000000e+03,2.445000000000000000e+03,0.000000000000000000e+00,2.630000000000000000e+02,1.528000000000000000e+03,7.320000000000000000e+02,2.124000000000000000e+03
2.184000000000000000e+03,2.191000000000000000e+03,1.792000000000000000e+03,2.259000000000000000e+03,2.630000000000000000e+02,0.000000000000000000e+00,1.328000000000000000e+03,7.600000000000000000e+02,2.054000000000000000e+03
1.496000000000000000e+03,1.343000000000000000e+03,1.149000000000000000e+03,9.360000000000000000e+02,1.528000000000000000e+03,1.328000000000000000e+03,0.000000000000000000e+00,1.182000000000000000e+03,1.214000000000000000e+03
2.484000000000000000e+03,2.408000000000000000e+03,2.086000000000000000e+03,1.975000000000000000e+03,7.320000000000000000e+02,7.600000000000000000e+02,1.182000000000000000e+03,0.000000000000000000e+00,1.427000000000000000e+03
2.624000000000000000e+03,2.418000000000000000e+03,2.326000000000000000e+03,1.166000000000000000e+03,2.124000000000000000e+03,2.054000000000000000e+03,1.214000000000000000e+03,1.427000000000000000e+03,0.000000000000000000e+00
