0.000000000000000000e+00,1.727000000000000000e+03,1.092000000000000000e+03,9.140000000000000000e+02,1.165000000000000000e+03,1.636000000000000000e+03,2.085000000000000000e+03,1.645000000000000000e+03,4.060000000000000000e+02
1.727000000000000000e+03,0.000000000000000000e+00,1.335000000000000000e+03,8.400000000000000000e+02,1.562000000000000000e+03,9.960000000000000000e+02,3.660000000000000000e+02,1.425000000000000000e+03,1.323000000000000000e+03
1.092000000000000000e+03,1.335000000000000000e+03,0.000000000000000000e+00,7.220000000000000000e+02,1.876000000000000000e+03,1.885000000000000000e+03,1.584000000000000000e+03,2.134000000000000000e+03,8.580000000000000000e+02
9.140000000000000000e+02,8.400000000000000000e+02,7.220000000000000000e+02,0.000000000000000000e+00,1.230000000000000000e+03,1.165000000000000000e+03,1.184000000000000000e+03,1.420000000000000000e+03,5.100000000000000000e+02
1.165000000000000000e+03,1.562000000000000000e+03,1.876000000000000000e+03,1.230000000000000000e+03,0.000000000000000000e+00,8.080000000000000000e+02,1.893000000000000000e+03,5.590000000000000000e+02,1.073000000000000000e+03
1.636000000000000000e+03,9.960000000000000000e+02,1.885000000000000000e+03,1.165000000000000000e+03,8.080000000000000000e+02,0.000000000000000000e+00,1.245000000000000000e+03,4.460000000000000000e+02,1.347000000000000000e+03
2.085000000000000000e+03,3.660000000000000000e+02,1.584000000000000000e+03,1.184000000000000000e+03,1.893000000000000000e+03,1.245000000000000000e+03,0.000000000000000000e+00,1.689000000000000000e+03,1.679000000000000000e+03
1.645000000000000000e+03,1.425000000000000000e+03,2.134000000000000000e+03,1.420000000000000000e+03,5.590000000000000000e+02,4.460000000000000000e+02,1.689000000000000000e+03,0.000000000000000000e+00,1.450000000000000000e+03
4.060000000000000000e+02,1.323000000000000000e+03,8.580000000000000000e+02,5.100000000000000000e+02,1.073000000000000000e+03,1.347000000000000000e+03,1.679000000000000000e+03,1.450000000000000000e+03,0.000000000000000000e+00
