0.000000000000000000e+00,3.143000000000000000e+03,1.216000000000000000e+03,1.950000000000000000e+03,2.082000000000000000e+03,2.430000000000000000e+03,9.270000000000000000e+02,1.387000000000000000e+03,2.204000000000000000e+03
3.143000000000000000e+03,0.000000000000000000e+00,2.108000000000000000e+03,1.686000000000000000e+03,2.026000000000000000e+03,1.566000000000000000e+03,2.557000000000000000e+03,1.806000000000000000e+03,9.630000000000000000e+02
1.216000000000000000e+03,2.108000000000000000e+03,0.000000000000000000e+00,7.380000000000000000e+02,1.908000000000000000e+03,1.986000000000000000e+03,1.238000000000000000e+03,8.360000000000000000e+02,1.298000000000000000e+03
1.950000000000000000e+03,1.686000000000000000e+03,7.380000000000000000e+02,0.000000000000000000e+00,2.236000000000000000e+03,2.135000000000000000e+03,1.878000000000000000e+03,1.243000000000000000e+03,1.186000000000000000e+03
2.082000000000000000e+03,2.026000000000000000e+03,1.908000000000000000e+03,2.236000000000000000e+03,0.000000000000000000e+00,5.300000000000000000e+02,1.159000000000000000e+03,1.074000000000000000e+03,1.288000000000000000e+03
2.430000000000000000e+03,1.566000000000000000e+03,1.986000000000000000e+03,2.135000000000000000e+03,5.300000000000000000e+02,0.000000000000000000e+00,1.551000000000000000e+03,1.187000000000000000e+03,1.013000000000000000e+03
9.270000000000000000e+02,2.557000000000000000e+03,1.238000000000000000e+03,1.878000000000000000e+03,1.159000000000000000e+03,1.551000000000000000e+03,0.000000000000000000e+00,7.810000000000000000e+02,1.597000000000000000e+03
1.387000000000000000e+03,1.806000000000000000e+03,8.360000000000000000e+02,1.243000000000000000e+03,1.074000000000000000e+03,1.187000000000000000e+03,7.810000000000000000e+02,0.000000000000000000e+00,8.440000000000000000e+02
2.204000000000000000e+03,9.630000000000000000e+02,1.298000000000000000e+03,1.186000000000000000e+03,1.288000000000000000e+03,1.013000000000000000e+03,1.597000000000000000e+03,8.440000000000000000e+02,0.000000000000000000e+00
