0.000000000000000000e+00,7.530000000000000000e+02,9.150000000000000000e+02,4.410000000000000000e+02,6.400000000000000000e+02,7.850000000000000000e+02,4.430000000000000000e+02,6.040000000000000000e+02,1.081000000000000000e+03
7.530000000000000000e+02,0.000000000000000000e+00,9.030000000000000000e+02,9.480000000000000000e+02,1.970000000000000000e+02,7.200000000000000000e+02,7.510000000000000000e+02,5.430000000000000000e+02,7.730000000000000000e+02
9.150000000000000000e+02,9.030000000000000000e+02,0.000000000000000000e+00,6.230000000000000000e+02,1.003000000000000000e+03,1.850000000000000000e+02,4.800000000000000000e+02,3.980000000000000000e+02,3.690000000000000000e+02
4.410000000000000000e+02,9.480000000000000000e+02,6.230000000000000000e+02,0.000000000000000000e+00,9.200000000000000000e+02,5.740000000000000000e+02,2.230000000000000000e+02,5.140000000000000000e+02,9.130000000000000000e+02
6.400000000000000000e+02,1.970000000000000000e+02,1.003000000000000000e+03,9.200000000000000000e+02,0.000000000000000000e+00,8.180000000000000000e+02,7.530000000000000000e+02,6.130000000000000000e+02,9.310000000000000000e+02
7.850000000000000000e+02,7.200000000000000000e+02,1.850000000000000000e+02,5.740000000000000000e+02,8.180000000000000000e+02,0.000000000000000000e+00,3.830000000000000000e+02,2.190000000000000000e+02,3.380000000000000000e+02
4.430000000000000000e+02,7.510000000000000000e+02,4.800000000000000000e+02,2.230000000000000000e+02,7.530000000000000000e+02,3.830000000000000000e+02,0.000000000000000000e+00,2.910000000000000000e+02,7.150000000000000000e+02
6.040000000000000000e+02,5.430000000000000000e+02,3.980000000000000000e+02,5.140000000000000000e+02,6.130000000000000000e+02,2.190000000000000000e+02,2.910000000000000000e+02,0.000000000000000000e+00,4.770000000000000000e+02
1.081000000000000000e+03,7.730000000000000000e+02,3.690000000000000000e+02,9.130000000000000000e+02,9.310000000000000000e+02,3.380000000000000000e+02,7.150000000000000000e+02,4.770000000000000000e+02,0.000000000000000000e+00
