0.000000000000000000e+00,1.074000000000000000e+03,2.150000000000000000e+02,9.110000000000000000e+02,4.560000000000000000e+02,8.660000000000000000e+02,1.095000000000000000e+03,3.520000000000000000e+02,5.430000000000000000e+02
1.074000000000000000e+03,0.000000000000000000e+00,8.950000000000000000e+02,1.367000000000000000e+03,1.038000000000000000e+03,2.640000000000000000e+02,5.450000000000000000e+02,8.120000000000000000e+02,5.540000000000000000e+02
2.150000000000000000e+02,8.950000000000000000e+02,0.000000000000000000e+00,1.026000000000000000e+03,5.470000000000000000e+02,7.150000000000000000e+02,1.002000000000000000e+03,3.270000000000000000e+02,3.460000000000000000e+02
9.110000000000000000e+02,1.367000000000000000e+03,1.026000000000000000e+03,0.000000000000000000e+00,4.790000000000000000e+02,1.106000000000000000e+03,9.790000000000000000e+02,7.440000000000000000e+02,1.128000000000000000e+03
4.560000000000000000e+02,1.038000000000000000e+03,5.470000000000000000e+02,4.790000000000000000e+02,0.000000000000000000e+00,7.780000000000000000e+02,8.310000000000000000e+02,2.810000000000000000e+02,6.780000000000000000e+02
8.660000000000000000e+02,2.640000000000000000e+02,7.150000000000000000e+02,1.106000000000000000e+03,7.780000000000000000e+02,0.000000000000000000e+00,4.000000000000000000e+02,5.690000000000000000e+02,4.130000000000000000e+02
1.095000000000000000e+03,5.450000000000000000e+02,1.002000000000000000e+03,9.790000000000000000e+02,8.310000000000000000e+02,4.000000000000000000e+02,0.000000000000000000e+00,7.460000000000000000e+02,7.720000000000000000e+02
3.520000000000000000e+02,8.120000000000000000e+02,3.270000000000000000e+02,7.440000000000000000e+02,2.810000000000000000e+02,5.690000000000000000e+02,7.460000000000000000e+02,0.000000000000000000e+00,3.980000000000000000e+02
5.430000000000000000e+02,5.540000000000000000e+02,3.460000000000000000e+02,1.128000000000000000e+03,6.780000000000000000e+02,4.130000000000000000e+02,7.720000000000000000e+02,3.980000000000000000e+02,0.000000000000000000e+00
