0.000000000000000000e+00,1.438000000000000000e+03,1.130000000000000000e+03,5.000000000000000000e+02,2.014000000000000000e+03,1.743000000000000000e+03,7.870000000000000000e+02,2.770000000000000000e+02,4.640000000000000000e+02
1.438000000000000000e+03,0.000000000000000000e+00,5.870000000000000000e+02,1.214000000000000000e+03,9.430000000000000000e+02,4.550000000000000000e+02,8.670000000000000000e+02,1.558000000000000000e+03,1.048000000000000000e+03
1.130000000000000000e+03,5.870000000000000000e+02,0.000000000000000000e+00,7.500000000000000000e+02,8.860000000000000000e+02,6.630000000000000000e+02,9.190000000000000000e+02,1.155000000000000000e+03,9.030000000000000000e+02
5.000000000000000000e+02,1.214000000000000000e+03,7.500000000000000000e+02,0.000000000000000000e+00,1.593000000000000000e+03,1.410000000000000000e+03,8.970000000000000000e+02,4.180000000000000000e+02,6.280000000000000000e+02
2.014000000000000000e+03,9.430000000000000000e+02,8.860000000000000000e+02,1.593000000000000000e+03,0.000000000000000000e+00,5.050000000000000000e+02,1.710000000000000000e+03,2.010000000000000000e+03,1.770000000000000000e+03
1.743000000000000000e+03,4.550000000000000000e+02,6.630000000000000000e+02,1.410000000000000000e+03,5.050000000000000000e+02,0.000000000000000000e+00,1.291000000000000000e+03,1.804000000000000000e+03,1.416000000000000000e+03
7.870000000000000000e+02,8.670000000000000000e+02,9.190000000000000000e+02,8.970000000000000000e+02,1.710000000000000000e+03,1.291000000000000000e+03,0.000000000000000000e+00,1.020000000000000000e+03,3.260000000000000000e+02
2.770000000000000000e+02,1.558000000000000000e+03,1.155000000000000000e+03,4.180000000000000000e+02,2.010000000000000000e+03,1.804000000000000000e+03,1.020000000000000000e+03,0.000000000000000000e+00,6.950000000000000000e+02
4.640000000000000000e+02,1.048000000000000000e+03,9.030000000000000000e+02,6.280000000000000000e+02,1.770000000000000000e+03,1.416000000000000000e+03,3.260000000000000000e+02,6.950000000000000000e+02,0.000000000000000000e+00
