0.000000000000000000e+00,8.450000000000000000e+02,6.900000000000000000e+02,8.380000000000000000e+02,1.112000000000000000e+03,3.430000000000000000e+02,9.110000000000000000e+02,3.210000000000000000e+02,8.670000000000000000e+02
8.450000000000000000e+02,0.000000000000000000e+00,3.930000000000000000e+02,1.970000000000000000e+02,4.770000000000000000e+02,8.360000000000000000e+02,4.890000000000000000e+02,6.300000000000000000e+02,3.640000000000000000e+02
6.900000000000000000e+02,3.930000000000000000e+02,0.000000000000000000e+00,2.360000000000000000e+02,4.260000000000000000e+02,5.350000000000000000e+02,2.300000000000000000e+02,6.360000000000000000e+02,1.810000000000000000e+02
8.380000000000000000e+02,1.970000000000000000e+02,2.360000000000000000e+02,0.000000000000000000e+00,3.230000000000000000e+02,7.500000000000000000e+02,2.920000000000000000e+02,6.920000000000000000e+02,1.670000000000000000e+02
1.112000000000000000e+03,4.770000000000000000e+02,4.260000000000000000e+02,3.230000000000000000e+02,0.000000000000000000e+00,9.480000000000000000e+02,2.510000000000000000e+02,1.007000000000000000e+03,2.450000000000000000e+02
3.430000000000000000e+02,8.360000000000000000e+02,5.350000000000000000e+02,7.500000000000000000e+02,9.480000000000000000e+02,0.000000000000000000e+00,7.100000000000000000e+02,5.630000000000000000e+02,7.120000000000000000e+02
9.110000000000000000e+02,4.890000000000000000e+02,2.300000000000000000e+02,2.920000000000000000e+02,2.510000000000000000e+02,7.100000000000000000e+02,0.000000000000000000e+00,8.630000000000000000e+02,1.250000000000000000e+02
3.210000000000000000e+02,6.300000000000000000e+02,6.360000000000000000e+02,6.920000000000000000e+02,1.007000000000000000e+03,5.630000000000000000e+02,8.630000000000000000e+02,0.000000000000000000e+00,7.800000000000000000e+02
8.670000000000000000e+02,3.640000000000000000e+02,1.810000000000000000e+02,1.670000000000000000e+02,2.450000000000000000e+02,7.120000000000000000e+02,1.250000000000000000e+02,7.800000000000000000e+02,0.000000000000000000e+00
