0.000000000000000000e+00,1.763000000000000000e+03,1.292000000000000000e+03,5.500000000000000000e+02,1.600000000000000000e+03,2.349000000000000000e+03,2.108000000000000000e+03,1.014000000000000000e+03,1.496000000000000000e+03
1.763000000000000000e+03,0.000000000000000000e+00,1.615000000000000000e+03,1.225000000000000000e+03,1.914000000000000000e+03,9.480000000000000000e+02,4.890000000000000000e+02,7.620000000000000000e+02,7.260000000000000000e+02
1.292000000000000000e+03,1.615000000000000000e+03,0.000000000000000000e+00,1.042000000000000000e+03,3.630000000000000000e+02,1.604000000000000000e+03,1.645000000000000000e+03,1.103000000000000000e+03,9.190000000000000000e+02
5.500000000000000000e+02,1.225000000000000000e+03,1.042000000000000000e+03,0.000000000000000000e+00,1.400000000000000000e+03,1.812000000000000000e+03,1.558000000000000000e+03,4.670000000000000000e+02,9.710000000000000000e+02
1.600000000000000000e+03,1.914000000000000000e+03,3.630000000000000000e+02,1.400000000000000000e+03,0.000000000000000000e+00,1.749000000000000000e+03,1.876000000000000000e+03,1.458000000000000000e+03,1.194000000000000000e+03
2.349000000000000000e+03,9.480000000000000000e+02,1.604000000000000000e+03,1.812000000000000000e+03,1.749000000000000000e+03,0.000000000000000000e+00,4.830000000000000000e+02,1.395000000000000000e+03,8.580000000000000000e+02
2.108000000000000000e+03,4.890000000000000000e+02,1.645000000000000000e+03,1.558000000000000000e+03,1.876000000000000000e+03,4.830000000000000000e+02,0.000000000000000000e+00,1.100000000000000000e+03,7.440000000000000000e+02
1.014000000000000000e+03,7.620000000000000000e+02,1.103000000000000000e+03,4.670000000000000000e+02,1.458000000000000000e+03,1.395000000000000000e+03,1.100000000000000000e+03,0.000000000000000000e+00,6.170000000000000000e+02
1.496000000000000000e+03,7.260000000000000000e+02,9.190000000000000000e+02,9.710000000000000000e+02,1.194000000000000000e+03,8.580000000000000000e+02,7.440000000000000000e+02,6.170000000000000000e+02,0.000000000000000000e+00
